110101076561808
110103700012272
110103739396189
110105059216914
110105560352178
11010574470123X
110105801179282
110106579077559
110106587666521
110108101951999
110108397105010
110108700209956
110108744705169
110108782533118
110108801179362
110108H52625284
110111318089236
11011156369961X
110113089672427
110114306374232
110114777055668
110115082882368
110116597673207
110116796742180
110192700223088
110228589105373
110228600002974
120101777307132
12010230060915X
120105300412306
120105300638102
120110300446629
120110300526987
120110300531188
120111300380025
120113300440307
120121328669752
120222310569016
120223075920565
130911106620718
130923320144978
131025320158368
131127308332941
140202395753655
150102558105004
150103733249786
150116761092050
150117588802687
150203050599867
150230814510472
150240761098380
150404683404775
150495085155836
152127396268504
152301115810409
152301695914369
152301720186464
152303555485750
152303699452368
152303720173743
152323558139618
152323664064461
152601733284733
15263075667913X
152701736111934
152722717866493
152802740125546
152822733250269
152823756694831
21010231322606X
210102583899280
210102747143536
210103313231993
210103687479782
210105313238458
21010631320133X
210112313118878
21011431317321X
210114798486571
210124313129366
210202058066694
21020205809760X
210202089079420
210202089082873
210202089083868
210202095230262
210202097189259
210202311420280
210202311443327
210202311460530
210202311486714
210202311516004
210202311516047
210202311534237
210202311540784
210202311540864
210202311544769
210202397382317
210202582010582
210202665826528
210202669210894
210202691412652
210202691427408
210202696011591
210202740917455
210202744347269
210202747100886
210202760788953
210202760792282
210202782459798
210203079452068
210203311441380
210203311489819
210203311538107
210203550604466
210203554979601
210203559821942
210203559849857
21020367407644X
21020371131003X
210203759930879
210204098878857
210204118310549
210204118510161
210204118512183
210204118535908
210204242692097
210204311476196
21020431149487X
210204311529139
210204311537550
210204550600529
210204565549682
21020466584438X
210204716900522
210204716915003
210204716990337
210204740921753
210204787334222
21020479204123X
210204796919441
21021106442964X
21021107155457X
210211071594344
210211079483753
210211089050871
210211096389099
210211099548534
210211118577956
210211241267363
210211311419618
210211311451853
21021131146286X
210211311463483
210211311472419
21021131148601X
21021131149364X
210211311493738
210211311493850
210211311507132
210211311515327
210211311524709
210211311526069
210211311527678
210211311527969
210211311528718
210211311532469
210211311533883
210211311538449
210211311539177
210211311540119
210211311546131
210211311546430
210211311562350
210211311571767
210211396341441
210211396703633
210211396704548
210211397948384
210211399746372
210211559837952
210211588054279
210211604856336
210211604880205
210211661131411
210211665801558
210211669244533
210211674067084
21021171134482X
210211711395934
210211716948024
210211732779822
210211744388941
210211756053540
210211756067838
210211759929181
210211760793146
210211773008063
210211777261373
210211782469320
210211792008106
210212058076219
21021211862859X
210212588091563
210212759900872
210212759901357
210212787310693
210213071580946
210213079495471
210213079499499
210213089068764
210213089098699
210213098010433
210213098876958
210213243115785
210213311440855
210213311442033
210213311444709
210213311453242
21021331146323X
210213311465526
210213311481753
210213311488090
21021331149372X
210213311494837
21021331150058X
210213311525963
210213311526608
210213311532987
210213311541912
210213311544531
210213397385219
210213604814064
210213604814099
210213604814195
210213604814849
210213604819535
210213604820333
210213604820704
210213604820712
210213604821790
210213604838103
21021360483820X
210213604862664
210213604863931
210213604864467
210213604868919
210213604896987
21021366581771X
210213679991962
210213691446529
210213701795950
210213716925674
210213716960509
210213723464052
210213740919645
210213740933922
210213751561570
210213751568465
210213751582080
210213756054930
210213759914414
210213759917164
210213759918829
210213759932823
210213759939531
210213777268380
210213782476360
210213787333457
210213792046647
210218058079065
210218079474830
210218311471934
21021831149540X
210218311536240
210218396340035
210281071595187
210281089081889
21028131141987X
210281311464996
210281311475433
210281311498926
21028131151528X
210281399203976
210281399742670
210281669233164
210281674099000
210281702115427
210281716920486
21028177301202X
210281L42953283
210281L5711145X
210282079456149
210282089069185
210282089077871
210282118749762
210282311421259
210282311444311
210282311468970
210282311488920
210282311536814
210282311558255
21028239634225X
210282554978086
210282554979070
210282565524186
210282576052110
210282594426761
210282604855093
210282604855165
210282661111963
210282665807570
210282677521756
210282677526733
210282683044108
210282696006231
210282716946600
210282723497751
21028272604888X
210282740903328
210282744373520
210282747888976
210282751573985
210282756057509
210282756059897
210282756064290
210282759925009
210282759930211
210282759934124
210282760755860
210282777256603
210282777274449
210282777278677
210282777292567
210282787333991
210282792038954
210283079479033
21028307948035X
210283079480384
210283079484537
210283311422083
210283311423780
210283311432871
210283311432898
210283311432919
210283311438376
210283311490051
21028331149006X
210283311495098
210283311495119
210283311499021
210283311501566
21028331150162X
21028331150170X
210283311532418
210311747123463
210404395470911
210603095180058
210603099490272
210802396131954
210811318816544
211011730825397
211282399671534
220523664292237
230198744194696
31010106254816X
310101086248989
310101132147311
31010113220729X
310101132234570
310101132307098
310101132340824
310101132342491
310101132355110
310101132421755
310101132423304
310101134501548
310101134503973
310101134506330
310101134506947
310101134509291
310101134510305
31010113452407X
310101134549496
310101301464597
310101551564013
310101557491740
31010156306602X
31010157274323X
310101577438824
310101579196902
310101598187139
310101599752566
310101599783354
310101607238357
310101607352483
310101607370462
310101607400959
310101607425160
310101607429639
310101630201771
310101630203902
310101630227656
310101630231516
310101630231807
310101631459782
310101631656276
310101631913770
310101632010100
310101632017740
310101632017986
310101660718253
310101660760339
310101662461762
310101666042127
310101666090057
310101667815240
310101667834599
310101669356279
310101669379040
310101669437722
310101672674112
310101679350110
310101684080717
310101684086414
310101685541423
310101687317548
310101692902936
310101692956563
310101695809139
310101703012155
310101703290876
310101703487687
310101710921103
310101717852526
310101717854193
310101717857159
310101717860235
310101717860358
310101717864631
310101724465815
310101733374122
310101733387652
310101736215223
310101736658008
310101736673419
310101738128625
310101739030224
310101739795753
310101741605429
310101743266766
310101744219005
310101744943765
310101746184344
310101762242903
310101765958931
310101766907124
310101767923046
310101769442879
310101769663655
310101784259554
310101785875340
310101787204786
310101787242782
310101791466471
310101794544308
310101795651834
31010179569659X
310101798921289
31010179893993X
310101834535909
310101X07201999
310101X0722906X
310101X07229596
310101X07256455
310101X07326601
310104057673898
310104060875482
31010406088707X
310104063773860
310104069308783
310104074761996
310104093693431
310104132130712
310104132660318
310104132670786
310104132685371
310104134625727
310104310589287
310104550040840
310104551535415
310104551552928
310104554294944
310104554333157
310104557482430
310104563059321
310104572666713
310104574163706
310104575856993
310104579115279
310104580599936
310104583413762
310104586818714
310104590390028
310104590390036
310104590433227
310104594709964
310104596411870
310104598179788
310104599723669
310104607200527
310104607208908
310104607220405
310104607220587
310104607254525
310104607263608
31010460728592X
310104607288952
310104607299037
310104607316896
310104607338489
310104607388152
310104607414859
310104607422322
310104607674335
310104631504424
310104631607271
310104632027391
310104660741197
310104662401102
310104662419070
310104662455768
310104664313667
310104664378014
31010466438940X
310104667769870
310104667823144
310104667828770
310104669399842
310104677835499
310104677852862
310104679330996
310104681008269
310104682202725
31010468402175X
310104687352001
310104687364539
310104688754061
310104692991502
310104697276911
310104703436409
310104703454498
310104703481007
310104717856420
310104717859824
310104717861633
310104729391894
310104729394833
310104729430398
310104733348856
310104733383109
310104736220209
310104741628575
310104743287583
310104747634378
310104748766970
310104749250650
310104751868919
310104754336627
310104754779399
310104761611463
310104763324628
310104768792623
310104775767549
310104777135131
310104781859183
310104785878269
310104786265392
310104786281069
310104786705298
310104787833793
310104789562579
310104791439262
310104791455000
310104791482551
310104792706334
310104794474928
310104797031188
310104797052368
310104797054689
310104797056895
31010479707353X
310104797075949
310104797078154
310104797086023
310104798971577
310104832367817
310104832428990
310104X07218977
310104X07249298
310104X07250416
310105052987687
310105055898524
310105059335841
310105062579628
310105063709199
310105076498415
31010513211216X
310105132709310
310105132740000
310105132752810
310105132801926
310105134534585
310105134616070
310105134641436
310105134650340
310105301660010
310105310572549
310105321620489
310105550031741
310105552999393
310105554318037
310105555983338
310105557459767
310105557461058
310105558822994
310105558823022
310105560119333
310105561867229
310105561867296
310105561904659
310105561937434
310105564781519
310105566526335
310105566578047
31010556800010X
310105569564185
310105569592055
310105569599310
310105569639124
310105572711991
310105572737788
310105572743299
310105579102849
310105580565250
31010558063923X
310105580639440
310105582123608
310105583418889
310105583473108
310105583497695
310105586820638
310105588668852
310105588671787
31010559167337X
310105594737260
310105598143320
310105598148631
310105599789457
310105607321214
310105607346745
310105630748208
310105631133635
310105631752524
310105631767021
310105632031171
310105660731423
310105660795216
310105662416945
310105664321405
310105664353597
310105664378153
310105664391059
310105666068917
310105667757781
310105667779550
310105669355700
310105671155871
31010567115991X
310105671170991
310105672709565
310105676289342
310105676291899
310105676293229
310105681003193
310105681027646
310105682226006
310105682263536
310105684019035
31010568545598X
310105685521326
31010568735199X
310105687366550
310105690138743
310105692968652
310105695814667
31010569720140X
310105697212467
310105697212504
310105697219730
310105698793187
310105698803955
310105703192803
310105717854855
310105717855540
310105717855591
310105717856447
31010571785656X
310105717858442
310105717863364
310105717868288
310105717883162
310105729411533
310105733373461
310105737497736
310105744233683
310105746503448
310105749257924
310105752917620
310105757576546
310105762621065
310105764272858
31010576724801X
310105768764681
310105770904364
31010577329117X
310105776694759
310105779343751
31010578313221X
310105786279524
310105786297730
310105787232373
310105787236489
310105787237908
310105787820255
310105789558350
310105791468370
310105792717033
310105792724639
310105792757887
310105792780286
310105794474653
31010579449235X
310105794532796
31010579560056X
310105795628300
310105797030900
310105797062830
310105798933925
310105798939163
310105834630498
310105X07204743
310106052993219
310106132294098
310106132815906
310106132846075
310106134660004
31010613466219X
310106134664718
310106134665921
31010613466737X
310106134668356
310106134671029
310106134675564
310106134677949
310106134679338
310106425125386
31010655153544X
310106552991076
310106555927651
310106557459820
31010659040723X
310106590411255
310106599718392
310106599775346
31010663155822X
310106632038031
310106662459320
310106666056019
31010666609340X
310106671190431
310106672747668
310106680991003
310106681036120
310106691569270
310106695813314
310106698818698
310106703238939
310106703240975
310106710939039
310106717854599
310106738120973
310106748085745
310106755020624
310106765592036
310106772856431
310106784271844
310106787862009
310106794489716
310106797080932
310106798908009
310106832216648
310107052987716
310107055921536
310107057690970
310107060898641
310107072951622
310107076459440
310107093452494
310107093687269
310107132941443
310107133750470
310107134568072
310107301340025
310107425010765
310107551520045
310107551568014
310107552970363
31010756010334X
310107563110035
310107563138484
310107566520304
310107566520582
310107566584201
310107572717015
310107574179927
310107575897496
310107577482091
310107579126111
310107579157321
310107582130410
310107583469299
310107585249572
310107588728931
31010759042550X
310107598184720
310107599709779
310107607368362
310107607369832
310107607421805
310107607429444
310107607432686
310107630336713
310107630462920
310107630577760
310107630711720
310107630715262
310107630717495
31010763111096X
310107631166373
310107631167616
310107631227834
310107631229020
310107631311075
310107631347318
310107631477649
310107631480186
310107631882337
310107631885300
310107632045629
310107660772372
310107667752657
310107667753609
31010766782098X
310107669376560
310107672685532
310107679380272
310107680972558
310107682266307
310107682275211
310107684018171
310107684070551
310107687393081
310107697208185
310107703006695
310107703030003
310107703053002
310107703254488
310107733384785
310107735429369
310107739041070
310107743286142
310107744911085
310107748093665
310107749278901
310107753804310
310107755006048
310107759033211
310107761173299
310107763321902
310107771824681
310107791412545
310107791474682
310107797043517
310107797096336
310107X07201163
310107X07236219
310107X07305501
310108051298484
310108059310062
31010805937674X
310108069357761
310108086235563
310108088662809
310108133025172
310108133031054
310108133079891
310108134682203
310108134691548
310108134693439
310108134695987
31010855009366X
310108555929550
310108555955951
310108555999970
310108557452493
310108560187141
310108561874090
310108570812852
310108574149939
310108579164361
310108580596591
31010858527257X
310108586753244
31010859318414X
310108596461392
310108598131637
310108607312545
310108607696163
310108630236229
310108630347949
310108630349207
310108630700343
310108630700503
310108630706438
310108630707182
310108632046533
310108632048088
310108660749789
310108660756137
310108666041837
310108667752454
310108669438063
310108679338824
310108681035064
310108690113685
310108691564285
310108691576489
310108694192667
310108695803781
310108695818190
310108695823467
310108695849675
310108697235474
310108698758330
310108703063163
310108703063278
310108703122282
310108703135964
310108703265275
310108703369031
310108703486940
310108717856578
310108729514399
310108737453055
310108737453952
31010873853739X
310108741637228
310108742685125
310108743274424
310108745623384
310108755715856
310108759568283
310108760860935
310108761173344
310108761620706
310108767229361
310108770228626
310108776293728
310108778072021
310108781114528
310108782834527
310108784276872
31010878626850X
310108789586167
310108791444336
310108795604552
310108798927699
310108798927867
310108798969637
310109051236646
310109053034677
310109059330565
310109076419801
310109090007248
310109132273019
310109133189214
310109133196537
310109134662739
310109557456347
310109583459381
310109583467859
310109585244093
310109607200877
310109607417785
31010963036356X
31010963074010X
310109630746202
310109630749235
310109631418788
310109631420562
310109631613161
310109662422202
310109666014716
310109666028827
310109667772682
310109674583097
310109682209177
310109682242946
310109688709164
31010969017287X
310109691601496
310109692936247
310109697268022
310109703291182
310109717865079
310109740590405
310109742684018
310109743250297
310109748093630
310109749562769
310109757568183
310109768398466
310109773700084
310109778547832
310109782428190
310109794518978
310109797028093
310109797095544
310109832418944
310109X07220356
310110057658516
31011006600061X
310110094276824
310110132164074
310110132175160
310110132175742
31011013220542X
310110133215646
31011055151389X
310110570845283
310110577492441
310110580614366
310110582072089
310110598100961
310110598133296
310110607236212
310110608275176
310110630760880
310110631567898
310110631671679
310110664317916
310110669388027
31011066941415X
310110669436981
310110669439197
310110674621575
310110677877656
310110682273320
310110685485644
310110687349734
310110687381697
310110689799544
310110703284089
310110703428118
310110736673021
310110739015526
310110743759894
310110750337198
310110754771872
31011076164787X
31011077149116X
310110781114456
310110781517677
310110784295627
310110791444774
310110795600439
31011079700872X
310110797079587
310110X07226221
310112051204214
310112052965584
310112054570324
310112055061177
310112055077056
310112055870599
310112055876800
310112057630679
31011205763205X
310112057669389
310112057669792
310112057692570
310112060867976
310112060919203
310112062503156
31011206778353X
310112067817111
310112071225610
31011207296938X
31011207817940X
310112082019628
310112088546664
310112093880368
310112132139522
310112132139987
310112132140929
31011213214142X
310112132272059
310112132317229
310112132476553
310112132628617
310112132661556
310112132673258
310112133347315
310112133385514
310112133727203
310112134549576
310112312206040
310112320736797
310112320788482
310112551526295
310112551559505
310112551597894
310112552910547
310112552911179
310112552930820
31011255427613X
310112554342838
310112555914121
310112555972532
310112558767155
310112558799974
310112558818215
310112560185533
310112561850566
310112561929602
31011256311305X
310112563149909
310112564790423
31011256484732X
310112566564040
310112568010682
310112569570622
310112569602129
310112569629209
310112569631114
310112570841522
310112572699726
310112572737411
310112572748989
310112575804800
310112575868556
310112577425126
310112577498931
310112579111382
310112579159677
310112579162286
310112580641057
310112582054198
310112582090797
31011258344792X
310112583455671
310112585220016
310112586802042
310112588698648
310112590404100
31011259044556X
310112591623444
310112594709550
310112594717139
310112594764066
310112596452242
310112599780671
310112607228466
310112607228917
310112607236933
310112607237805
310112607251252
310112607258075
310112607258438
310112607262963
310112607263640
31011260728648X
310112607286543
310112607296477
310112607302654
310112607314145
310112607319333
310112607321644
310112607322460
310112607328061
310112607338198
310112607345865
310112607347932
310112607350234
310112607359597
310112607372775
310112607375685
310112607390092
310112607405901
31011260741121X
31011260741869X
310112607419561
310112607420642
310112607422576
31011260742722X
310112607434016
31011260743477X
310112607516185
310112630413539
310112630573954
310112630780857
310112630795186
310112630798918
310112630963004
31011263129018X
310112631345726
310112631672049
310112631862758
310112632006654
310112632060503
310112660737315
310112662419716
31011266244089X
310112662481480
310112664339795
310112664351057
310112664387965
310112666048414
310112667814221
310112669369109
31011266939630X
310112669404859
310112669418046
310112671101849
310112672654314
310112672666518
310112672687386
31011267269851X
310112674551503
310112674612206
31011267784992X
310112677855422
310112679398130
310112680968073
31011268222481X
310112682248686
310112685475227
31011268550565X
310112687356272
310112687369137
310112687399176
310112688738782
310112688788624
310112690121415
310112691553455
310112692912544
310112694249512
310112695781308
310112695819943
310112698752668
310112698759683
31011269877682X
310112698788863
310112698792467
310112703042100
310112703068490
310112703126128
310112703272248
310112703272491
310112703333186
310112703382172
310112703482552
31011271785322X
310112717861270
310112717867883
310112729367317
31011272939266X
310112729400594
31011272940072X
310112729408713
310112729485321
310112729515682
310112733340838
310112737467334
310112737474673
310112737499125
31011273852111X
310112739042866
31011274029936X
310112742697935
310112743285086
310112744228403
31011274617658X
310112747297682
310112747624428
310112747630107
310112749558575
310112750556817
310112750581641
310112753175411
310112757921792
310112757941275
310112758437791
310112758556520
31011275859341X
310112761171138
310112762614463
310112764270908
310112765338994
310112765340277
310112765561432
310112769411626
310112769685715
310112769696588
310112770219973
310112777137057
310112778099208
310112778504138
310112780556834
310112780568739
310112781105752
310112781108435
31011278187878X
31011278243913X
310112782811026
310112782839336
310112782847176
310112783621822
310112783648814
310112784256564
310112784274463
310112784785239
310112785611628
310112785879202
310112786263952
310112786280269
310112787203847
310112787221236
310112787221666
310112787247559
310112787826040
310112787885497
310112787897447
310112789529402
310112789533161
31011278955849X
310112789588605
310112791440239
310112791445021
310112791461953
310112791473823
310112792702157
310112792744816
310112795611509
310112795649881
310112795691270
310112795699213
31011279705534X
310112797060368
310112797065978
31011279890450X
310112798910168
310112798979464
310112X07234694
310112X07672010
310113053032014
310113059389137
310113062548573
310113063706115
310113067812521
310113071163878
310113071177938
310113072970778
310113074775933
310113076428206
310113078162165
310113078175206
310113082002199
310113088667116
310113094327310
310113132143492
310113132189749
310113132200610
310113132293917
310113133402185
310113133419542
310113133428561
310113133429249
31011313345345X
310113133471439
310113133492838
310113312307044
310113320792959
310113550045633
31011355155486X
310113560108765
310113560175087
310113560192856
310113563131899
31011356476337X
310113566533981
310113569627705
310113574140379
310113579124159
310113580591053
310113580599338
310113582094456
310113582100406
310113582104175
310113583429430
310113585216885
310113586774651
310113590418895
31011359315715X
310113607209011
310113607263624
310113607327894
310113607359845
310113607382025
310113607397796
31011360742351X
310113607426147
310113607690167
310113607693675
31011360769394X
31011363042692X
310113630432211
310113630832661
310113630844590
310113631615810
310113631705605
310113631706552
310113631896624
310113631899972
310113632083115
310113662442334
310113664333916
310113682241441
310113684043924
310113684070113
310113684077614
310113685497450
310113685516009
310113691618482
310113691643207
310113692980379
310113692999168
31011369416413X
310113694179737
310113697290561
310113698801458
310113703165346
31011370317316X
310113703377170
310113735423557
310113736235777
310113738512643
310113740268213
310113740597404
310113746172503
310113751483031
310113753183454
310113762216094
310113763321566
310113768792543
310113769696318
310113770242524
310113774338822
310113782428246
310113782808257
31011378671782X
310113787839722
310113789550244
31011379149427X
310113792730852
310113794452788
310113794544420
310113798927904
31011405456811X
310114057655753
310114059322821
310114060908272
310114062515560
310114063751733
310114065966113
31011406776665X
310114067812636
310114072952684
310114074830285
310114078113590
310114078182684
310114080012035
310114084118312
310114087867415
310114088670331
310114090095137
310114093475135
310114132141606
310114132359162
310114132661214
310114132836790
31011413362161X
31011413362209X
310114133623498
31011413365696X
310114133660491
31011430135497X
310114301721493
31011431255909X
310114312559188
310114323207102
310114398732198
310114550020006
310114550080148
310114551515254
310114551566174
310114552940359
310114552967981
310114554273481
310114557425188
310114557438552
310114557467708
310114557487549
310114557489480
31011456014749X
31011456016410X
31011456018934X
310114561853417
310114563095429
310114563117712
310114566506377
310114569569517
310114569583693
310114569603463
31011457078891X
310114570803489
310114570817856
310114574136548
310114575836255
310114577462605
310114579126162
310114579179846
310114579182105
310114579195096
310114580619730
310114582092434
310114582114680
310114582116838
310114583429086
310114583434731
310114585209095
310114585235250
310114590356591
310114590359258
310114590371302
310114590389975
310114590448285
310114591638806
310114591657214
310114591671008
310114591677274
31011459314464X
310114594752524
310114596428517
310114598110852
310114598114247
310114598127603
310114599777747
310114607208780
310114607232916
310114607240705
310114607261506
310114607268361
310114607290374
310114607294412
310114607314591
310114607323156
310114607329769
310114607347561
310114607349794
310114607351974
310114607355385
310114607357743
310114607361005
310114607361793
310114607363684
310114607369912
310114607373997
310114607388582
310114607396574
310114607401417
310114607413282
310114607422488
31011460751688X
310114607545971
310114607712936
310114607724144
310114630344705
310114630444263
310114630453442
31011463063979X
310114630807650
310114630809488
310114630813081
310114630821858
310114630829817
310114631121087
310114631122530
310114631232692
310114631385728
310114631472784
310114631473373
310114631473621
310114631511237
310114631539248
310114631572136
310114631574924
310114631658116
310114631927048
310114631935873
310114632132984
310114632176151
31011463217923X
310114666036421
310114667752614
310114667788377
310114669410896
310114671105559
310114671128734
310114671135344
310114671148903
310114671163361
310114671197879
310114672682534
310114672729080
310114674560813
310114674592540
31011467464630X
31011467622475X
31011467625238X
310114676284306
310114677801889
310114680996306
310114681022116
31011468400022X
310114685489776
310114687305694
31011468734188X
310114687373160
310114688768463
310114690173901
310114691636533
310114692961602
310114694235890
310114695753841
310114695816232
310114697224492
310114697252901
310114697277252
310114703001317
310114703001552
310114703001923
310114703013166
310114703147009
310114703147789
310114703147906
310114703147922
31011470321446X
310114703255990
310114703285145
310114703287407
31011470328752X
31011470328971X
310114703357743
310114703386368
310114703387408
310114703387483
310114703388400
310114703389104
310114703439976
310114729384221
310114729447798
310114729451682
310114729489621
310114729521644
310114733348506
31011473338892X
310114735428059
310114736236462
310114736665419
310114736678391
310114737490665
31011473810245X
310114739016625
310114739038496
310114739048440
310114739753211
310114739794718
310114740296708
310114741642254
310114742118729
31011474212204X
310114743284884
310114743299904
310114743775464
310114743792395
310114744933866
31011474564875X
310114746169208
310114746524265
310114747258966
310114747624057
310114748083897
310114748093112
310114748750346
310114749260234
310114749552712
310114750570563
310114750576068
310114751472770
310114751478590
310114751499703
310114751864205
310114752458831
310114752477100
310114752499844
310114752906382
310114753152041
310114753167825
31011475317593X
310114753187439
310114753803350
310114753827360
310114753841306
310114754798960
310114755011314
310114755701454
310114755707856
310114757562435
310114757585610
31011475759308X
310114757900158
310114757907069
310114758410417
310114758434160
310114758449768
310114758560327
310114758566876
310114758584222
310114759028957
310114759029095
310114759048739
310114759585980
310114759855530
310114759876366
310114760554831
310114760565282
310114760566349
310114760573215
310114760582525
310114760857453
310114760869550
310114761153888
310114761155808
31011476164832X
310114762608143
310114762609293
310114762644398
310114763024553
310114763979704
310114764713297
310114764717992
310114764723065
310114765348316
310114765553133
310114765978887
310114766477662
310114766903908
310114766904177
310114766914295
310114766946131
310114767243534
310114768759698
310114769403423
310114769431088
310114769699789
310114770217863
310114770223454
310114770924795
31011477093626X
310114771480436
310114772116740
310114772139184
31011477241000X
310114772411846
310114772425527
310114772883675
310114773256833
310114773703365
31011477432835X
310114774761479
310114775752742
310114775799858
310114776653084
310114776665261
310114776673413
310114776687946
310114776699410
310114778050607
310114778090131
310114778500137
310114778513587
310114778523785
310114778902988
310114779790690
310114780011009
310114781101049
310114781136743
310114781539104
310114781875730
310114781888929
310114782401916
310114782811122
310114783622016
310114783633962
310114783647061
310114784755945
310114784776105
310114785644710
310114785867535
310114786251150
310114786252233
310114786291080
310114786729003
310114786730565
310114787832766
310114792744293
310114797047470
310114797065337
310114834157135
310114834443692
310114834514251
310114X07541213
310115051239791
310115052958384
310115053010982
310115055936383
31011505765171X
310115057663470
31011505767740X
310115059324405
310115059341993
31011505934422X
310115059386059
310115062579935
310115063727661
31011506602403X
31011506780496X
310115067848639
310115069315545
310115069325145
310115072909598
310115076484005
310115076490544
310115080077285
310115084051007
31011508409391X
310115084094373
310115084144094
310115087773961
31011508777434X
310115088664687
310115090051070
310115093535564
310115093829634
310115132178118
310115132248761
310115132265393
310115132284105
310115132285976
310115132308859
310115132356586
310115132363719
310115132841354
310115133030748
310115133503146
310115133515470
310115133535623
31011513354866X
310115133570744
310115133594068
310115133721565
310115133731624
310115133731763
310115133738295
310115133839926
310115133852565
310115133854966
310115133918237
310115133918608
310115133952101
310115133978571
310115133980284
310115133987072
310115301330265
310115301443016
310115312166982
310115320753917
310115398660307
310115425097688
310115425120577
31011555009112X
31011555150669X
310115551578917
310115551590086
310115552964799
310115554280905
310115555937411
310115555984883
310115555997991
310115557491310
310115561897479
31011556191809X
310115561933919
310115563100523
310115563113455
310115563123223
310115563138855
310115563148930
310115564756698
310115568085510
310115569637559
310115570754904
310115570769911
31011557077530X
310115570803120
310115572727723
310115572741306
310115574169411
310115575836212
310115575863878
310115575866358
310115577414275
310115577482075
310115579119106
310115579135827
310115579164417
31011557919670X
310115580594502
310115580608943
310115582066105
310115582081575
310115583410377
310115583436593
310115585207305
310115585219082
310115585238793
31011558524072X
310115586786847
310115586816428
310115586816591
310115586833578
310115586849772
310115590353147
310115590373033
31011559162640X
310115594792219
310115598138337
310115598183090
310115599765148
310115600045608
310115607201319
310115607203592
310115607208123
310115607216529
310115607234647
310115607244036
310115607246920
310115607249064
310115607263560
310115607264096
310115607279124
310115607279693
31011560729181X
310115607293911
310115607303286
310115607303876
310115607307877
310115607310013
310115607316917
310115607339940
310115607346374
310115607350808
310115607351587
310115607353910
310115607358965
310115607360950
310115607364820
310115607369074
310115607381022
310115607403172
310115607407181
310115607413696
310115607421290
310115607422242
310115607426729
310115607591628
310115607735126
310115630278023
310115630278744
310115630307883
310115630308990
31011563037420X
310115630469559
310115630604722
310115630606971
310115630627780
310115630629487
310115630630488
310115630703974
310115630860494
310115630863134
310115630882466
310115630886205
310115630897609
310115630901567
310115630908283
31011563109770X
310115631141504
310115631324319
310115631341338
310115631359191
310115631366842
310115631424205
310115631509727
310115631567847
310115631663273
310115631664065
310115631664938
310115631665295
310115631665519
310115631694299
310115631739581
310115631791830
310115631864745
310115632004616
310115660708012
310115660715300
310115660730658
310115660745841
310115662490635
310115662496738
310115664318580
310115664340841
310115664358275
310115664362899
31011566603248X
310115666047526
310115666085282
310115667776691
310115667791066
310115667796887
310115667809676
310115667829941
310115667847365
310115667847373
310115669364658
310115669394080
310115671100512
310115671138385
310115671142149
310115671195654
310115672690884
310115672709178
310115672745996
310115674584540
310115676295670
310115677818699
310115677822997
31011567932297X
310115679368767
310115679375000
310115679383836
310115679390323
310115684003981
310115684011033
310115684074130
310115685489565
310115685509482
310115687355755
310115688702472
310115688735039
310115688779963
31011569012099X
310115690137214
310115690137898
310115690139797
31011569018087X
310115691559339
310115691620080
310115692976732
310115695827441
310115697202242
310115697252936
310115698764853
310115703000226
310115703000453
310115703003478
310115703004702
310115703004761
310115703007284
310115703007735
31011570301103X
310115703012454
31011570309260X
310115703096002
310115703100278
310115703163295
310115703191560
310115703193822
310115703198412
310115703240000
310115703309194
310115703363510
310115703382543
310115703425099
310115703468144
310115710921007
310115710937914
310115710939581
31011571785023X
310115717855604
310115717859947
310115717861078
310115717861625
310115717862767
310115717864017
310115729434727
310115729466331
310115729480096
310115729522022
310115729532837
310115733356514
31011573335958X
310115734045216
310115734072812
310115735403484
310115736238265
310115736663923
310115736683529
310115736687925
310115738118734
310115738141125
310115738524660
310115738539408
310115739007411
310115739042647
310115739047317
31011573975314X
310115739759293
310115740266920
310115740564119
310115741169946
310115741192206
310115741609331
310115741610586
310115742661617
310115742679366
310115743256699
310115743267398
310115743290344
310115743294142
310115744201892
310115744209624
310115744217376
310115744241835
310115744919079
310115744945592
310115745623720
310115745628636
310115745631915
310115746166330
310115746179115
310115746509911
31011574652146X
310115746522702
310115746538464
310115747257955
310115747272987
310115747290210
310115747625172
31011574764519X
310115748051043
310115748067467
310115748077227
310115748081445
310115748090341
310115748757644
310115748795595
310115749574620
310115750323001
310115750331079
31011575033208X
310115750332709
310115750586530
310115751456826
310115751457378
310115751462556
310115751467234
310115751853039
310115751876652
310115752460181
310115752497187
310115753167390
310115753191577
310115753822025
310115753827117
310115753845278
310115754338585
310115754770685
31011575479576X
310115755000033
310115755015948
310115755739831
310115756100298
310115756139483
310115756967254
310115757569661
310115757576220
310115757584861
310115757947271
310115758419710
310115758437505
310115758445230
310115758557662
310115758577241
310115758592986
310115758595802
310115759004293
310115759582472
310115759889503
310115760869809
31011576087187X
310115761169345
310115761173301
310115762211656
310115762604708
310115762635133
310115763019017
310115763034313
310115763307289
310115763318543
31011576398073X
310115763999828
310115765338396
310115766491712
31011576691325X
310115766944873
310115767229476
310115767237003
31011576724182X
31011576875669X
310115768798320
310115769685408
310115769698153
310115770205897
310115770906394
310115772892491
310115773710098
310115774785972
310115775793851
310115776251499
310115777110989
310115777633755
310115778903198
310115779784784
310115780558645
310115781518637
310115781884573
310115782447738
310115782805136
310115782828637
310115782845349
310115785173103
310115785178633
310115785608584
310115785624808
310115785640373
310115785853731
310115787231311
310115787233130
310115787244809
310115787823077
310115787829735
310115787872936
310115787891950
310115789534658
310115791406540
310115791433258
310115791449786
310115791450429
310115791478210
310115792747937
310115792751725
310115794459293
310115794509916
310115794536017
310115794546020
310115795647536
310115795692636
310115797002299
310115797041204
310115797043883
310115797050928
310115797056609
310115797084124
310115797098147
310115798904016
310115798918565
310115798920091
310115798949601
310115798955964
310115798972561
310115798992925
310115832978060
310115X0724637X
310141062530453
310141063737974
310141074805194
310141074849306
310141078110904
310141082035089
310141093851065
310141132220099
310141132248358
310141133882721
310141301478390
310141301493398
310141301683650
310141310511893
310141312103690
310141312223158
310141312536656
310141550039356
310141554277917
310141557499291
310141566528998
310141572659492
310141575855296
310141577493604
310141582055211
310141585201739
310141585284239
310141586779778
310141586837456
310141590433075
310141594738247
310141607227383
310141607228861
310141607252474
310141607255050
310141607255632
31014160725981X
310141607263923
310141607273662
310141607274411
310141607298093
310141607305732
310141607306460
310141607306989
310141607308626
310141607309290
310141607311681
31014160731230X
31014160731361X
31014160732452X
310141607325653
31014160734095X
310141607342445
310141607343026
310141607343544
310141607349014
310141607349348
310141607351237
310141607351464
310141607351595
310141607353312
310141607354411
310141607354825
310141607355756
310141607356193
310141607357858
310141607360387
310141607360643
310141607361590
310141607362884
310141607363457
31014160736461X
310141607366922
310141607367781
310141607367933
310141607368047
310141607368311
310141607368434
310141607369285
310141607370139
310141607372345
310141607373639
310141607373890
310141607373946
310141607374164
310141607379352
310141607379774
310141607381006
310141607382068
310141607382148
310141607382439
310141607382623
310141607382930
310141607383167
310141607383394
310141607383773
310141607387715
310141607389534
310141607390527
310141607391060
310141607391108
310141607394042
310141607394077
310141607394165
310141607395010
310141607397972
310141607401011
310141607401230
310141607402022
310141607402073
310141607402233
310141607403957
310141607407077
31014160740719X
31014160740970X
310141607409769
310141607409777
310141607410460
310141607411615
310141607411770
310141607412271
310141607412861
310141607414111
310141607416408
31014160741770X
310141607418294
310141607418606
310141607418972
31014160741949X
310141607419545
310141607419940
310141607420167
310141607420706
310141607421338
310141607423253
310141607424766
310141607428601
310141607428900
310141607429743
310141607430795
310141607430808
310141607433224
310141607433486
310141607434489
310141631506198
310141631864294
310141660780604
310141662430464
31014166433242X
310141666051234
31014166606588X
310141666080545
310141667778259
310141669371276
310141669432163
310141672737195
310141677851317
310141679375238
310141685530660
310141688723900
310141688745392
31014169578076X
310141695782001
31014170300274X
310141703003881
310141703004016
310141703004059
310141703005449
310141703005991
310141703008017
31014170300805X
310141703008121
310141703009802
310141703009810
310141703010002
310141703011144
310141703011726
310141703011910
310141703012825
310141703098446
310141703098462
310141703098550
31014170309893X
310141703310478
310141703414744
310141703414939
310141703487310
310141703487994
310141717855049
310141717885459
31014172935804X
310141729393291
310141729407390
310141729407542
310141729446808
310141729473291
310141729473371
310141729473558
310141729505249
31014172950529X
310141729515770
310141729518015
310141729518090
310141734054956
310141734082738
310141734556155
310141734557588
310141734562539
310141734571144
310141734571195
310141734582986
31014173539846X
310141735435136
310141736202721
310141736226053
310141736247866
310141736247874
310141736654402
310141736665291
310141736672731
310141736673056
310141736673128
310141737454197
310141737462189
310141737474999
310141737495968
310141738106119
310141738148482
310141738538843
310141739020616
310141739044001
310141739044028
310141739778291
310141739795841
310141740253804
310141740257530
310141740263375
310141740290058
310141741155317
310141741174390
310141741603482
310141741608064
310141741649966
310141742123886
310141742657597
310141742682514
310141742696385
310141742696457
310141743255055
310141743257237
310141743257309
310141743271717
310141743272947
310141743290571
310141743298960
310141743778577
310141744220268
310141744220719
310141744233747
310141744900351
310141744906489
310141744906606
310141744921339
310141744935992
310141745604167
310141745624360
310141746155682
310141746157223
310141746163615
310141746183202
310141746183210
310141746187449
310141746187457
310141746501717
310141746518148
310141746534367
31014174654934X
310141747293956
310141747611504
310141748056741
310141748062682
310141748085112
310141748086211
310141748776888
310141749280008
310141749569039
310141749580799
310141750306420
310141750306447
310141750321276
310141750580841
31014175059045X
310141750592746
310141751455508
310141751850508
310141751854015
310141751860677
310141751873515
310141751894121
310141751899619
310141752460114
310141752480027
31014175248006X
310141752497478
310141752913857
310141752927423
310141752941057
310141753152498
310141753178911
310141753191403
310141753801160
310141753801208
310141754305273
310141754309266
310141754309282
310141754766838
31014175501278X
310141755016668
310141755030435
310141755038832
310141755721543
310141756113881
310141756145162
310141756951308
310141756970576
310141756984345
31014175698787X
310141757921258
310141757928601
310141757934892
310141758445361
31014175857311X
310141758596725
310141759012963
31014175901300X
310141759023240
310141759567192
310141759569665
310141759592881
31014175987503X
310141759890643
310141760556239
310141760592686
310141760867002
310141760875432
310141761155613
310141761605485
310141761637890
310141762613807
310141762627483
310141763015657
310141763028589
310141763981919
31014176470944X
310141764730062
310141764740412
310141764744325
310141765971490
310141765992179
310141766488150
31014176692897X
310141768377614
310141768382798
310141769681917
310141770212720
310141770212763
310141770224115
310141770233134
31014177092252X
310141770937924
310141771454705
310141771454801
310141771482327
310141771484349
310141771819655
310141771844287
31014177214117X
310141772858891
310141772860537
310141773266855
310141774316156
310141774787169
310141774787193
310141775236342
310141775236430
310141775777122
310141775777237
310141776257380
310141776684956
310141777647153
310141778096584
310141778513093
310141779306467
310141779339867
310141779344535
31014177978475X
310141780005733
310141780031632
310141781512657
310141781897286
310141784784092
310141785153145
310141785603038
310141785617966
310141785860595
310141785879069
310141787843932
310141789534033
310141791400982
310141791490906
31014179277891X
310141792793677
310141792793917
310141794459138
310141797032447
310141797068204
31014179890805X
310141798943621
310141798992597
310226052962981
31022605931053X
31022605932531X
310226059341627
31022606093442X
310226071151404
310226074762497
310226074774500
310226074788128
31022607641340X
310226076465074
310226076494393
31022607816366X
31022608002735X
310226080029566
31022608007093X
310226080071721
31022608793469X
310226093844754
310226132516439
310226133532246
310226301543287
31022631220140X
310226312228450
310226312312409
310226312572673
310226324401011
310226324696315
310226398605420
310226398646257
310226398740411
31022639877745X
310226398785185
310226554344681
310226557496226
310226560134349
310226560139684
310226561868328
310226561877128
310226563080550
310226564792461
310226568011693
31022656959566X
310226569600422
310226572679725
310226574109849
310226574162527
310226579138534
310226579165145
310226580562754
310226583435574
310226583446150
310226585239972
310226586844832
310226588708615
310226591698171
310226598163006
310226598163823
310226607233687
310226607314946
31022660738272X
310226607420810
310226609391566
310226630504369
310226630605434
310226630948912
310226631144975
310226662465819
31022666430850X
310226664337431
310226664370864
310226666042637
310226666055630
31022667117903X
310226671188905
310226676210614
31022667622686X
310226681015741
31022668224700X
31022668545862X
310226685478874
310226687352183
310226688783284
310226690112842
310226690125272
310226691624698
310226692989752
310226694156762
310226695818107
310226697200562
310226697204299
310226698804018
310226703017079
310226703022257
310226703080350
310226703140253
310226703244984
310226703321839
310226703342349
310226703447917
310226729484070
310226733380637
310226734569597
310226736677233
310226737455931
31022673746191X
310226739012843
310226739766637
310226742650256
310226744216955
310226744218010
310226747293171
310226747647531
310226749558284
31022674956940X
310226750311799
310226750349658
310226752458794
310226757583287
310226759557218
310226760550136
310226762635969
310226762649092
310226763019703
310226763036394
31022676692205X
310226768770723
310226769412450
310226772860297
310226775204543
310226776289788
310226776295627
310226780036847
310226781866092
310226782433870
310226783612790
310226784293170
31022678672806X
310226787233616
310226787827393
310226787877649
310226791485648
310226792764198
310226792765553
310226794480850
310226797033749
310226797072465
310226X07613168
310227052993905
310227055083528
310227055925465
310227057634514
310227060883749
310227060936038
310227062540088
310227062578262
310227067775206
310227069337250
310227078141209
31022708204185X
31022709009939X
310227091830279
310227132136073
310227132168411
310227132169588
310227133596055
310227134152640
310227134166559
310227312447266
310227550014167
310227551574502
310227551589931
31022755428309X
310227554296421
310227557482924
310227558829424
310227560134103
310227563051370
310227563094581
310227566558281
310227566595509
310227568028049
310227568073528
310227568083419
310227568085158
310227569575597
310227569588750
31022756960831X
310227570795204
310227572718966
310227574106445
31022757746917X
310227577470031
310227580566851
310227580567010
31022758214541X
310227583424197
310227585210088
310227585271673
310227585274671
310227585275404
310227588711160
310227588748094
310227591679800
310227591698083
31022759310199X
310227593184297
310227594711052
310227596407687
310227598127734
310227598165087
310227607217521
310227607243631
310227607262859
310227607262904
310227607285129
310227607285698
310227607304780
310227607308159
310227607309776
310227607317899
310227607320780
31022760733578X
31022760733711X
310227607348054
310227607349903
310227607376469
310227607390236
310227607390826
310227607399302
310227607408141
310227607416483
310227607418323
310227607420511
310227607426382
310227607434702
310227607455941
310227607825105
310227607832006
310227630589585
310227630969211
310227631098235
310227631099887
310227631162313
310227631248491
310227631258016
310227631278949
310227631339131
310227631351173
310227631534594
310227631633576
310227631634528
310227631679566
310227631802843
31022763181932X
310227631825949
310227631841375
31022763184172X
310227631847128
310227631892121
310227631893001
310227631901470
310227631904516
310227631913906
310227631916840
31022763194266X
31022763195250X
310227631963612
310227631972172
31022763200750X
310227632081822
310227632167167
31022763219179X
310227660706762
310227660755556
310227662416603
310227662416718
310227662442748
310227662444962
310227666035226
310227667751128
310227669377619
310227669442169
310227671120142
310227671155687
310227671163003
310227671181922
310227671187785
310227672653194
310227672689066
310227672702021
310227672707404
310227672730495
310227674569957
310227674593500
310227674603131
310227674619395
310227677863887
310227677884434
310227679322494
310227679392601
310227680955117
310227681004604
310227681008015
310227681015557
310227682293057
310227685459059
310227685471525
310227687373902
310227688731679
310227688733818
310227688777044
310227688784607
310227690104906
310227690145791
310227690149629
310227691615150
310227692978682
310227692991158
310227694154409
310227695771900
31022769720386X
310227697221929
310227697258211
310227697282967
310227698768053
310227698802573
310227703088045
310227703088547
310227703089830
310227703090022
310227703092319
310227703207307
310227703247376
310227703250065
310227703292871
310227703329080
310227703448821
310227703471394
31022770349131X
310227717863743
310227729392221
310227729452474
310227729515535
310227734062024
310227734066463
310227734073575
310227735428817
310227735439444
310227736201147
310227736249132
310227737484345
310227738100868
310227738112092
310227738117467
310227738140288
310227739000316
310227739025724
310227739790506
310227741183326
310227741183481
310227741619409
310227742110196
310227742659197
310227742681888
310227742689994
310227743292358
310227743756992
310227744203791
310227744246919
310227744947483
310227745604079
310227745604650
310227745606461
31022774563637X
31022774615484X
310227746521275
310227746531748
310227746538034
310227746539993
310227747277542
310227747280354
310227747632129
310227748085593
310227748783455
310227748797320
310227749251688
310227749581492
310227750313866
310227750327459
310227750346983
310227750558548
310227750559479
310227750580788
310227750588704
310227751477475
310227751487155
310227751870138
310227752465943
310227752481302
310227753161482
310227753838596
310227753838617
310227754762634
310227755004042
310227755031593
310227756139571
310227756142025
310227756985110
310227756993786
310227757555200
310227757558292
310227757943959
310227757947992
31022775842451X
310227758589939
310227759857800
310227759887049
310227761632651
310227761637559
310227762624354
310227763977012
310227764261956
310227764262246
310227764286395
310227764745774
310227765316795
310227765321359
310227765562363
310227765564238
310227765970957
310227767235411
310227767909914
310227767930895
310227767942159
310227768394203
310227768763988
31022776965381X
31022776967571X
310227770245346
310227770928745
310227771451520
310227771834492
310227771847330
31022777240016X
310227772877558
31022777325212X
310227773258564
310227773711111
310227773712763
310227773742866
310227774300568
310227774333845
31022777434937X
310227774787804
310227776267853
310227776277250
310227777110620
310227777628016
310227778078853
310227778508198
310227778509430
310227778926701
310227780020378
310227781115475
310227781507612
310227782434232
31022778282760X
310227784762133
310227784797264
310227785151262
310227785158173
310227785188292
310227785190069
310227785851146
310227786250035
310227786270992
310227786716122
310227786724202
310227786725758
310227789512168
310227789559433
310227789566617
31022779141943X
31022779143607X
310227791468581
310227792733455
310227792744437
310227794481431
310227795610717
310227795661557
310227797060085
310227797066532
31022779890215X
310227798985899
310227798993338
310227X35854663
310228053029739
310228053043012
310228054575440
310228057678461
310228060853304
310228060873508
310228062578756
310228063707388
310228071187132
310228071193268
310228072957055
310228074840715
310228078102920
310228078191070
310228080006727
310228082057851
310228084146049
310228086158561
310228088495916
310228093633156
31022813215188X
310228132152559
310228132163151
310228134206848
310228134241416
310228134260107
310228134704898
310228301301659
310228301691749
310228301760097
310228312349607
310228312349930
310228312391872
310228320743786
310228550017288
310228550024146
310228552929862
310228552942610
310228552966452
310228552984458
310228554287410
310228554312321
310228554331434
310228555923642
310228555929892
310228555932346
310228555990714
310228557408230
310228557408441
310228557416898
310228557481294
310228557484778
310228557499363
310228558804307
310228558823153
310228558842258
310228558848246
310228560178800
310228560185162
310228561948176
310228563079218
310228563096763
31022856311591X
31022856312578X
310228568056867
310228568072402
310228569550621
310228569553996
310228569646308
310228569646519
310228570794850
310228574103981
31022857416950X
310228574181410
310228575862875
310228577413627
310228577460300
310228579102400
310228579129400
310228580557752
310228580597746
310228583466119
310228583495331
310228585257679
310228586804611
310228588660009
310228590372903
310228591693477
310228593170071
310228594757173
310228596430588
310228598191090
31022859975588X
310228599779822
31022860722166X
310228607320879
310228607336328
310228607348601
310228607456311
310228631002539
31022863121606X
310228631292134
310228631308810
310228631358463
310228631359976
310228631379600
310228631401417
310228631441400
310228631461137
310228631468531
31022863147056X
310228631470631
310228631471992
310228631545832
310228631546544
310228631593973
310228631716320
310228631799875
310228631823636
310228660798396
310228664323742
310228664344586
31022866600258X
310228666029088
310228667753334
310228667753852
310228667763831
310228667796545
310228667810810
310228669357925
310228669392368
310228669449942
310228671113735
310228671138676
31022867117508X
310228671179152
31022867267856X
31022867271572X
31022867272030X
310228672728205
310228672741418
310228672742058
310228674558991
31022867457393X
310228674578490
310228674598838
310228674647783
310228676200141
31022867935471X
310228679395634
310228680976698
310228681049351
310228682251316
310228682254517
310228684018163
310228684081023
310228685452893
310228685462346
310228685505449
310228687310864
310228687320384
310228687322136
310228687354920
310228687365371
310228687397891
310228687398464
310228688752349
310228688787162
310228690141686
310228692902071
310228692952378
310228694183584
310228694219030
310228694220082
310228694236535
310228695759290
310228695803239
310228695842860
310228697244370
310228697248400
310228697256136
310228703218030
31022870322318X
310228703232692
310228703313740
310228729497234
310228733384048
310228734057743
31022873623108X
31022873745201X
310228737454808
31022873746431X
310228738112607
310228739049996
310228741159297
310228741166454
310228743251572
310228743788919
310228744231565
310228744237035
310228746535394
310228747632081
310228747637915
310228748069729
310228748079804
310228748781134
310228748790268
310228749556895
310228749582540
310228750560496
310228751465511
310228752920977
310228753155779
310228754769246
310228756133727
310228756964598
310228756989242
31022875793151X
310228757944396
310228759042396
310228759553620
310228759578860
310228761616379
310228761620933
310228763025468
310228763954275
310228764258706
310228764736632
31022876691544X
310228771819559
310228773279568
310228773728773
310228774323495
310228774332746
310228776665384
31022877710620X
310228778054704
310228778524040
310228781117833
310228781532922
310228782833946
310228783125933
310228784754360
310228785607987
310228785644235
310228787801054
310228787878254
310228789536119
310228791441557
31022879144853X
310228792718140
310228794539656
310228795696741
310228797065257
310228797079165
310229051262991
310229055904277
31022905590973X
310229055920437
31022905594819X
310229059310281
310229059362401
310229060896128
31022906090858X
310229060934294
31022906370219X
310229063718167
31022906378536X
310229069308572
310229071200093
310229074836505
310229074837858
310229078164953
310229078168065
310229082032793
310229084078664
310229086234376
310229087891378
310229090081763
31022909182280X
310229093576681
310229093821595
31022909388270X
310229132161877
310229132182766
310229132187372
310229132362580
310229133213544
310229134340609
31022913434348X
310229134355069
310229301781189
310229312420936
310229312425913
310229312531185
310229312579170
310229324628785
310229550020217
310229550081570
310229550098241
310229551528063
310229551568153
310229552918530
310229552986672
310229554294100
310229557462309
310229558819162
310229561852967
310229563079656
310229563103345
310229564816662
310229564823088
310229564831918
310229566590046
31022956659221X
31022956803975X
310229568079962
310229570750006
310229570785970
310229572650324
310229572699881
31022957412976X
310229574198140
310229575804878
310229575840983
310229577498456
310229579101838
310229579123906
310229579152694
310229579158359
310229579175888
310229579193568
310229580559096
31022958058964X
310229580629306
310229580631238
310229585235613
310229585286517
310229586808313
310229588692182
310229588695084
310229588723997
310229590385317
310229591670304
31022959169973X
310229594734270
310229594782969
310229594783806
310229598101585
310229598177408
310229599798345
310229599799049
310229607260052
310229607273937
31022960727418X
310229607280029
310229607281275
310229607283430
310229607293217
310229607299176
310229607314313
310229607315738
310229607327069
310229607336336
310229607342170
310229607370788
310229607373460
310229607384290
310229607402428
310229607402516
310229607404474
310229607406509
310229607407966
310229607416790
310229607418139
310229607419676
31022960742052X
310229607427377
310229607432969
310229607481461
310229607483096
310229607492451
310229607496663
310229607502058
310229607509364
310229607527001
310229607543722
310229607611502
310229607867970
310229607869140
310229607871718
310229607874214
310229630591984
310229630594739
310229631011371
310229631031970
310229631033802
310229631037109
310229631040113
310229631044325
31022963104638X
310229631107605
310229631108632
310229631138639
310229631156685
310229631251674
310229631277882
310229631331455
310229631392813
310229631461217
310229631521136
310229631556216
310229631628865
310229631689836
31022963169116X
310229631693691
310229631699348
310229631702965
31022963187250X
31022963199622X
310229631999113
310229632206111
310229632206381
310229660731722
310229660787355
31022966241371X
310229662442377
310229662448605
310229662483451
310229664392203
310229666069207
310229667843567
310229669381511
310229671119977
310229671142085
310229672747887
310229674559070
31022967463662X
310229677822460
310229681026950
310229682295079
310229684010161
310229685499413
310229685533773
310229687339288
310229687345928
310229688764331
310229690109555
31022969290638X
310229692923892
310229694151582
310229695797158
310229697243802
310229697299013
310229698820245
310229698833257
310229703120666
31022970319813X
310229703198180
310229703430306
310229703430701
310229703434024
310229729343147
310229729353222
310229729354241
310229729408932
310229729413678
31022972942131X
310229729433599
310229729502814
310229734050613
310229734052790
310229734076549
310229734084629
310229734547099
310229737491457
310229738101270
310229738541612
310229739755911
310229739774362
310229739789134
310229740568013
310229740570957
310229740585091
310229742108934
310229742131536
310229743296623
310229746534279
31022974807216X
310229748078713
310229748755032
310229751885946
310229753184086
310229753825170
310229754753033
310229756960685
310229756982147
310229757556094
310229757564393
310229757938535
310229758412789
310229758589998
310229758595810
310229759550219
310229759561794
310229759578318
310229759860911
310229759861113
310229760851377
310229761628089
310229762215796
310229762644814
310229762647855
310229763023972
310229763046787
310229763339475
310229763968845
310229763976554
310229764278993
310229764290976
310229765338679
310229766926827
310229767922449
310229769403319
310229769443345
310229769443927
310229769689898
310229770932154
310229771493296
310229771495419
310229772130956
310229772441017
31022977289370X
310229773276367
310229774310651
310229774773517
310229776273022
310229776290471
310229776670108
310229777135166
310229777607063
310229780022939
31022978058056X
310229780594988
310229781114667
310229781542901
310229781885808
31022978242072X
310229782811886
31022978314339X
310229783609065
310229784283706
310229784760066
310229784778282
310229785613586
310229785614917
310229785883607
310229786270474
310229786287209
310229786740878
310229787229190
310229789532716
310229791400042
310229792738117
310229792751741
310229794545562
310229795683975
31022979569667X
310229797083893
31022983297166X
310229834609701
310229X0786176X
310229X07865859
310230054578377
31023005593410X
310230063701613
310230069362472
310230080014188
310230082011693
310230134425194
310230134426680
310230312565027
310230552953723
31023056308368X
310230572694845
310230577468687
310230585299991
310230586809228
310230590392453
310230590400943
31023059041187X
310230593195463
310230607359706
310230630586317
310230631056828
310230660704898
310230669412760
310230671124899
310230672681355
310230674628662
310230676258845
310230679373064
31023068096104X
310230680968129
31023068223433X
310230688722000
31023069415111X
31023069417547X
310230729457865
310230729458008
310230734556366
310230743777419
310230760861786
310230760894596
310230761168940
310230761188378
310230765574663
310230768758097
310230772128223
310230789569404
310230794486179
320106730554347
320112710939573
320113302465460
320121302465516
320121793742433
32012413579053X
320124797116085
320200323956752
320200331300702
320281323548484
320281741346236
320400137158589
320400323906739
320500053530902
320500562924037
320508323638287
32050875140564X
320508776892130
320581575401163
320583578173020
320583591137796
32058378498086X
320584592570209
320584714954041
320584722204363
320601748746451
320623567835754
320681696718220
320682736514004
320683138739115
320683564349611
320684718555638
320684773231329
320704731174602
320901776438106
320981589980821
32098177378138X
321001608726643
321001773201904
321027674428521
321200323965632
321281567817265
321284567781856
321284572609575
321311693389572
321600323989466
321700138017489
321700754637964
321700769869813
33010032288809X
330106470095016
33018132189851X
33018174701091X
330201563889528
330201610271166
330201717850176
330203144087520
330203573697458
330203610279184
330203691358780
330203761473961
330204309031630
330204563873163
330205144064580
330205583964273
330205764516330
33020630895066X
330206557986110
330206610128853
330206720431829
330206725133679
330206725173435
330206744967265
330206758864953
330206790053253
330206790060568
33020679009926X
330206799534707
330211144072003
330211583999986
330211610258113
330211691382377
330211713347477
330211730152401
330211734265358
330211739469106
330211744965729
330211753266022
330211761486420
330211778243804
330211790069562
330226742172127
330227254108660
330227316851098
330227662060918
330227677657944
330227720463118
330227747352485
330227761477647
330227778234473
330227796034360
330227L04457334
330281717223236
330281L07186840
33028206664057X
330282254341315
330282554531524
330282595378837
33028267120854X
330282684278221
330282713360532
330282720464081
330282732105203
330282742152441
330282768510286
330282768525023
330282799543283
330282L22950106
330283557982451
330283728117527
330283796049239
330302145095784
330303323503331
330305564403892
330324307749489
330381145642522
330382313610432
330382742017725
330421325578046
330421327850955
330482685566487
33048268667464X
330483594363561
330483731506822
330521327836029
330621325596463
330681307623341
33072332557896X
330723L66696680
330783323448862
330824704620750
331004148140050
331004148159886
33100471764580X
331004717645893
331021747706984
331081307618200
331082307627983
33262319610923195701
341201684950639
341221713912114
341600151945984
350100315553187
350100579252177
350100768599428
350100784518712
350104705386513
350204155005439
350205612010760
350206568403689
350206685293933
350304591718646
350304685050253
350503052334002
350503156123664
350503570986991
350526699023010
350581705228611
350582611607004
350582729697818
350582746396750
350582761788509
350702761796859
350825678498834
360104787253190
360504756764326
360703309131260
370102307021682
370102307144439
370103306885366
370105076195561
370105306993885
370112306936776
370112738168782
370203321472412
370203326008221
370211733503406
370214394401180
370281096179315
370283713768159
370284564713348
370303312914688
370303312932616
370303313058713
370303397799382
37030366016369X
370602565200018
370602705879422
370611706329879
370683312939789
370687726687964
370703326130622
370782313059775
370811312880553
371002313068938
371002326135810
371082735757792
37120275918428X
371302069950039
410103770890185
410104663448324
410183773657215
410211317376612
410305755156353
410381614828638
410800173505891
410811173481076
412700706727199
420101074474313
420101616400352
420101682309071
420101761210790
420102562341536
42010269834834X
420103594539838
420103714694761
420103717965272
420103799790946
420105303572516
420105555006529
420106591071360
42010758180919X
420111303480697
420112728265052
420112764608323
420222309808120
42052172831140X
420581730842584
420601615406672
421001615405514
421200316534586
421202780918882
421302780912560
429004309774602
430102727985656
430111396850684
430111561739462
430111748373544
431202183808108
43290119830411840831
440100065809169
440100552390166
440100567929961
440100574023308
440100589542776
440100598316711
440100671807470
440100683256215
440100683292005
440100691525569
440100788931176
440100796250178
440101618789752
440101764030672
440102190373296
440102743552586
440102746279992
440104076535685
440104749906939
440105769318464
440106190661888
440106304639567
440106618408753
440106618421683
440106618611612
440106707656361
440106726490969
44010673971399X
440106739716285
440106745967654
440106745972218
440106745977027
440106745978951
440106749940336
440106751957110
440106757762840
44011171817689X
440111773323282
440181708222493
440181743597119
440300051533149
440300062714017
440300069295679
440300073369431
440300312038403
440300319469724
440300319492692
440300319522839
440300319658736
440300326702491
440300561517579
440300764977372
44030127941906X
440301726181381
440301738802165
440301769166931
440401592113411
440401756464155
440404757858260
440604324853501
441900079549361
441900323247120
441900324755418
441900324889889
45020473760321X
450221747953774
450323775967233
450721735148030
451101561577504
500103202836594
500112305234553
510107790034896
510198321563904
510198321564333
51019832156822X
511402058234280
520103214424036
52010370961160X
520103755367118
520103789793529
520104680154985
520112622422849
520112709602260
520112745743968
520113622240025
520114214401088
520114709685254
520114775310290
520123214431770
520123214470390
520123622202029
520123622204083
520123722116697
520123722167718
520181622240711
520198215742298
520497215650676
52240174574432X
529701622415438
529701622525370
530111757174483
530112216608437
530112676567672
530302217272955
532628218330862
610104099144310
610184220889892
610498698414423
616994305719876
620101720238148
620200556260334
622301660002036
622925773413579
623001720276216
630102074552393
630105226580626
633201226584790
633201226633839
633201227582201
633201710409628
633201710569242
633201781421229
649702227748558
649702710605290
652801080213531
